					 OpenProp_Performance.txt 

					 OpenProp Performance Table

Date and time: 2026-04-16 20:58:55

 r/R	 V*	 beta	 betai	 Gamma	 CL	 Sigma	 dBetai
0.171	 9.01	 29.15	 49.74	 0.0835	 0.557	 3.159	 8.05
0.214	 10.36	 24.07	 45.63	 0.0978	 0.532	 2.390	 7.53
0.256	 12.08	 20.44	 41.79	 0.1155	 0.508	 1.759	 7.13
0.299	 13.90	 17.73	 38.40	 0.1334	 0.486	 1.328	 6.76
0.341	 15.77	 15.63	 35.44	 0.1505	 0.465	 1.031	 6.39
0.384	 17.68	 13.97	 32.86	 0.1662	 0.446	 0.820	 6.04
0.426	 19.62	 12.63	 30.60	 0.1802	 0.427	 0.666	 5.71
0.469	 21.58	 11.51	 28.60	 0.1926	 0.409	 0.550	 5.40
0.511	 23.56	 10.58	 26.82	 0.2032	 0.392	 0.462	 5.11
0.554	 25.55	 9.78	 25.23	 0.2121	 0.374	 0.393	 4.85
0.596	 27.55	 9.10	 23.81	 0.2193	 0.358	 0.338	 4.61
0.639	 29.55	 8.50	 22.52	 0.2245	 0.341	 0.293	 4.38
0.681	 31.56	 7.98	 21.37	 0.2278	 0.324	 0.257	 4.18
0.724	 33.57	 7.52	 20.31	 0.2287	 0.308	 0.227	 3.99
0.766	 35.58	 7.10	 19.36	 0.2268	 0.291	 0.202	 3.81
0.809	 37.59	 6.73	 18.49	 0.2216	 0.275	 0.181	 3.65
0.851	 39.60	 6.40	 17.69	 0.2119	 0.258	 0.163	 3.50
0.894	 41.61	 6.10	 16.97	 0.1958	 0.242	 0.148	 3.36
0.936	 43.62	 5.82	 16.31	 0.1697	 0.226	 0.135	 3.23
0.979	 45.63	 5.57	 15.69	 0.1238	 0.210	 0.123	 3.11

r/R 	 [ ], radial position of control points / propeller radius.
V* 	 [m/s], total inflow velocity.
beta 	 [deg], undisturbed flow angle.
betai 	 [deg], hydrodynamic Pitch angle.
Gamma 	 [m^2/s], vortex sheet strength.
CL 	 [ ], section lift coefficient.
Sigma 	 [ ], cavitation number.
d_alpha  [deg], inflow variation bucket width.
