					 turbine_Performance.txt 

					 OpenProp Performance Table

Date and time: 2026-04-16 20:31:49

 r/R	 V*	 beta	 betai	 Gamma	 CL	 Sigma	 dBetai
0.171	 2.85	 44.34	 29.33	 -0.4385	 -1.000	 25.634	 25.50
0.213	 3.32	 38.12	 25.53	 -0.4413	 -1.000	 18.790	 21.88
0.255	 3.76	 33.24	 22.27	 -0.4465	 -1.000	 14.600	 19.21
0.297	 4.22	 29.37	 19.68	 -0.4517	 -1.000	 11.552	 17.07
0.339	 4.70	 26.25	 17.59	 -0.4564	 -1.000	 9.305	 15.34
0.381	 5.18	 23.69	 15.88	 -0.4602	 -1.000	 7.618	 13.90
0.423	 5.67	 21.56	 14.46	 -0.4632	 -1.000	 6.330	 12.70
0.465	 6.17	 19.77	 13.27	 -0.4652	 -1.000	 5.329	 11.67
0.507	 6.67	 18.25	 12.25	 -0.4662	 -1.000	 4.538	 10.80
0.549	 7.17	 16.94	 11.37	 -0.4661	 -1.000	 3.905	 10.04
0.591	 7.68	 15.80	 10.61	 -0.4648	 -1.000	 3.392	 9.38
0.633	 8.19	 14.80	 9.94	 -0.4620	 -1.000	 2.970	 8.79
0.675	 8.71	 13.91	 9.35	 -0.4571	 -1.000	 2.619	 8.28
0.717	 9.22	 13.13	 8.83	 -0.4495	 -1.000	 2.325	 7.82
0.759	 9.74	 12.42	 8.36	 -0.4381	 -1.000	 2.077	 7.40
0.801	 10.25	 11.79	 7.94	 -0.4214	 -1.000	 1.865	 7.03
0.843	 10.77	 11.22	 7.56	 -0.3970	 -1.000	 1.683	 6.69
0.885	 11.29	 10.70	 7.21	 -0.3610	 -1.000	 1.525	 6.39
0.927	 11.81	 10.22	 6.90	 -0.3065	 -1.000	 1.388	 6.11
0.969	 12.33	 9.79	 6.61	 -0.2169	 -1.000	 1.268	 5.85

r/R 	 [ ], radial position of control points / propeller radius.
V* 	 [m/s], total inflow velocity.
beta 	 [deg], undisturbed flow angle.
betai 	 [deg], hydrodynamic Pitch angle.
Gamma 	 [m^2/s], vortex sheet strength.
CL 	 [ ], section lift coefficient.
Sigma 	 [ ], cavitation number.
d_alpha  [deg], inflow variation bucket width.
